ID;Testset;TestID;Pass;N;BubbleSort.Tfirst;InsertionSort.Tfirst;JavaSort.Tfirst;QuickSort.Tfirst;BubbleSort.Tmin;InsertionSort.Tmin;JavaSort.Tmin;QuickSort.Tmin;BubbleSort.Tavg;InsertionSort.Tavg;JavaSort.Tavg;QuickSort.Tavg;BubbleSort.Tmax;InsertionSort.Tmax;JavaSort.Tmax;QuickSort.Tmax;BubbleSort.Tsum;InsertionSort.Tsum;JavaSort.Tsum;QuickSort.Tsum;BubbleSort.Check;InsertionSort.Check;JavaSort.Check;QuickSort.Check
3;TestSet1;Test-1;DONE;100;221;82;249;30;15;4;5;4;36;23;12;7;227;105;249;32;3633;2375;1262;758;OK;OK;OK;OK
8;TestSet1;Test-6;DONE;150;480;168;178;46;32;8;4;7;51;29;14;9;486;204;178;46;5191;3034;1487;1024;OK;OK;OK;OK
13;TestSet1;Test-11;DONE;200;832;286;201;58;53;13;6;9;75;37;15;13;832;301;201;64;7630;3795;1545;1346;OK;OK;OK;OK
18;TestSet1;Test-16;DONE;250;1307;476;212;70;78;19;7;12;102;41;17;16;1307;480;212;90;10256;4207;1781;1661;OK;OK;OK;OK
23;TestSet1;Test-21;DONE;300;1794;623;226;82;109;29;15;15;137;50;27;19;1794;623;226;89;13828;5097;2781;1948;OK;OK;OK;OK
28;TestSet1;Test-26;DONE;350;2070;870;233;99;146;39;16;18;182;63;28;22;2070;870;233;115;18263;6413;2931;2307;OK;OK;OK;OK
33;TestSet1;Test-31;DONE;400;2265;1075;249;112;179;48;18;20;217;72;30;24;2265;1075;249;123;21852;7271;3149;2525;OK;OK;OK;OK
38;TestSet1;Test-36;DONE;450;2338;1402;262;134;222;63;19;24;260;87;34;29;2338;1402;262;142;26056;8833;3474;2979;OK;OK;OK;OK
43;TestSet1;Test-41;DONE;500;2535;1723;273;156;273;77;22;27;321;102;36;32;2535;1723;273;156;32205;10251;3757;3305;OK;OK;OK;OK
48;TestSet1;Test-46;DONE;550;2841;2056;280;165;320;92;23;30;372;123;38;35;2841;2056;280;165;37238;12401;3882;3599;OK;OK;OK;OK
53;TestSet1;Test-51;DONE;600;2988;2020;293;185;379;108;26;33;435;138;41;39;2988;2020;293;185;43556;13841;4149;3988;OK;OK;OK;OK
58;TestSet1;Test-56;DONE;650;3326;2078;298;200;438;130;27;36;500;160;41;41;3326;2078;298;200;50102;16067;4221;4207;OK;OK;OK;OK
63;TestSet1;Test-61;DONE;700;3559;2274;318;214;501;148;29;39;571;180;45;45;3559;2274;318;214;57247;18135;4617;4636;OK;OK;OK;OK
68;TestSet1;Test-66;DONE;750;3736;2458;324;219;569;171;30;43;649;218;46;49;3736;3007;324;219;64959;21916;4713;4949;OK;OK;OK;OK
73;TestSet1;Test-71;DONE;800;4155;2246;338;262;646;191;32;47;747;245;47;55;4155;3183;338;262;74792;24558;4762;5595;OK;OK;OK;OK
78;TestSet1;Test-76;DONE;850;4176;2604;340;277;748;222;35;49;857;278;51;58;4176;3616;340;277;85767;27918;5176;5832;OK;OK;OK;OK
83;TestSet1;Test-81;DONE;900;4468;2416;362;262;824;240;36;52;932;300;55;59;4468;3725;362;262;93242;30088;5536;6006;OK;OK;OK;OK
88;TestSet1;Test-86;DONE;950;4443;2459;371;281;896;269;38;55;1021;344;54;62;4443;4486;371;281;102245;34481;5484;6267;OK;OK;OK;OK
93;TestSet1;Test-91;DONE;1000;4593;2728;392;298;998;299;40;58;1114;376;56;65;4593;4564;392;298;111528;37691;5713;6624;OK;OK;OK;OK